initial begin
    // Input → Hidden weights
    W1_0_0 = 0.202751;
    W1_0_1 = -0.221046;
    W1_0_2 = 0.165597;
    W1_0_3 = 0.162228;
    B1_0 = -0.485616;
    W1_1_0 = -1.416031;
    W1_1_1 = 2.209889;
    W1_1_2 = 2.768589;
    W1_1_3 = 0.642465;
    B1_1 = 0.773430;
    W1_2_0 = 2.983698;
    W1_2_1 = -1.836743;
    W1_2_2 = 3.859354;
    W1_2_3 = 0.602690;
    B1_2 = 1.234737;

    // Hidden → Output weights
    W2_0_0 = -0.356189;
    W2_0_1 = 0.586806;
    W2_0_2 = 0.830071;
    B2_0 = -2.921209;
    W2_1_0 = -0.167927;
    W2_1_1 = -4.886396;
    W2_1_2 = 2.428390;
    B2_1 = -0.461280;
    W2_2_0 = 0.126500;
    W2_2_1 = 1.830695;
    W2_2_2 = -3.007610;
    B2_2 = 2.788047;
end
